0 00 12.7,+ 6 57 37,4.03
0 00 48.8,-65 28 47,4.49
0 02 28.3,-76 58 09,4.78
0 02 51.5,- 5 55 01,4.37
0 04 38.1,-17 14 19,4.55
0 06 13.9,- 5 36 35,4.61
0 09 17.8,+29 11 13,2.07
0 10 07.3,+59 14 46,2.28
0 10 17.6,-45 39 04,3.88
0 11 14.2,+46 10 10,5.01
0 12 27.6,-27 42 09,5.41
0 12 37.2,-35 02 07,5.24
0 14 08.4,+15 16 51,2.83
0 15 30.7,+20 18 14,4.79
0 15 31.7,-18 50 10,4.44
0 19 14.8,+36 52 56,4.51
0 20 19.2,- 8 43 37,3.56
0 20 58.3,-64 46 20,4.23
0 21 30.0,+ 8 17 14,5.38
0 22 02.9,+38 03 55,5.16
0 24 57.7,+38 40 25,10.71
0 26 38.8,-77 09 21,2.82
0 27 03.6,-43 34 58,3.93
0 27 08.8,-42 12 39,2.4
0 31 15.1,-23 41 28,5.17
0 32 15.3,-48 42 25,4.76
0 32 20.3,-62 51 43,4.36
0 34 00.5,+63 01 41,4.17
0 37 49.2,+33 48 56,4.34
0 37 57.4,+53 59 35,3.69
0 38 17.8,+35 29 44,5.45
0 39 29.1,+29 24 23,4.34
0 40 16.1,+30 57 24,3.27
0 41 30.7,+56 37 59,2.24
0 42 08.9,-45 59 21,4.59
0 44 08.1,-57 22 02,4.36
0 44 28.0,-17 53 27,2.04
0 45 42.5,+48 22 47,4.48
0 48 16.2,+24 21 44,4.08
0 49 11.5,-74 49 42,5.09
0 49 35.5,+ 7 40 48,4.44
0 49 54.0,+17 02 05,5.07
0 50 10.5,+57 54 27,3.46
0 50 47.1,+41 10 26,4.53
0 51 00.2,-10 33 01,5.17
0 51 48.3,+64 20 33,5.35
0 53 54.2,- 1 02 58,4.78
0 55 39.2,-69 25 58,5.45
0 57 43.9,+38 35 38,3.86
0 57 46.7,+60 48 40,2.15
0 58 08.7,+23 30 42,4.4
0 58 47.2,+29 05 11,5.44
0 59 26.9,-29 15 48,4.3
1 03 16.5,-31 27 29,5.5
1 03 51.2,+ 7 59 02,4.27
1 06 51.7,-46 37 30,3.32
1 08 00.0,-61 40 56,5.36
1 08 35.7,-41 23 38,5.21
1 09 07.0,-55 09 09,3.94
1 09 27.0,+55 00 20,5.17
1 09 28.2,-10 05 24,3.46
1 10 31.6,+47 20 05,4.26
1 10 43.1,+35 42 46,2.07
1 11 29.2,+86 21 00,4.24
1 12 10.8,+55 14 33,4.34
1 12 23.9,+21 07 38,4.66
1 12 37.8,+30 10 56,4.51
1 14 38.9,+ 7 40 03,5.21
1 18 42.2,+ 3 42 22,5.13
1 20 26.0,+27 21 20,4.74
1 21 11.8,+58 19 23,4.95
1 23 22.7,+45 37 12,4.87
1 24 53.9,- 8 05 36,3.6
1 26 58.5,+60 19 32,2.66
1 27 11.6,+68 13 14,4.72
1 27 38.6,+19 19 50,5.5
1 28 42.7,+45 29 47,4.83
1 29 07.4,-43 13 45,3.41
1 30 26.5,-21 32 22,5.11
1 31 58.7,-48 58 56,3.93
1 32 25.4,+15 26 08,3.62
1 37 49.9,+41 29 33,4.1
1 38 21.8,-57 08 54,0.45
1 39 04.6,+48 42 58,3.59
1 39 56.9,+73 07 42,5.28
1 42 20.7,+ 5 34 32,4.45
1 42 55.9,-32 14 22,5.25
1 43 36.7,- 3 36 10,4.98
1 44 46.1,+50 46 34,4.01
1 44 52.9,-15 50 45,3.49
1 46 19.2,+ 9 14 42,4.26
1 46 27.9,-24 57 57,5.29
1 46 52.0,- 5 38 47,5.37
1 50 26.7,-10 36 02,4.66
1 52 19.5,-10 14 57,3.74
1 54 05.1,+29 39 48,3.42
1 54 20.7,-46 13 03,4.39
1 54 27.8,+ 3 16 24,4.61
1 55 05.5,-42 24 42,5.12
1 55 22.9,-67 33 42,4.68
1 55 36.6,+20 53 34,2.64
1 55 40.4,+63 45 19,3.35
1 56 38.2,-51 31 21,3.69
1 59 19.2,-61 29 07,2.86
2 00 49.8,-20 59 37,3.99
2 02 57.3,+ 2 50 51,3.82
2 03 28.8,+54 34 17,4.99
2 04 57.9,+72 30 18,3.95
2 04 58.9,+42 24 46,2.1
2 05 16.5,-29 12 48,4.68
2 08 09.8,+23 32 40,2.01
2 10 35.5,+35 04 09,3
2 13 40.7,-30 38 33,5.27
2 13 55.8,+ 8 55 41,4.36
2 14 46.8,+51 08 46,5.31
2 14 56.6,+58 38 30,6.43
2 17 08.1,-51 25 54,3.56
2 17 51.5,- 6 20 32,5.51
2 18 21.6,+33 55 38,4.03
2 20 13.9,- 2 53 56,6.47
2 20 25.1,+47 27 35,5.31
2 22 03.9,-68 34 48,4.08
2 22 59.4,-73 34 00,5.99
2 23 20.6,-23 44 14,5.19
2 25 23.3,-60 14 03,5.36
2 26 47.8,-12 12 44,4.88
2 27 37.6,-47 37 33,4.24
2 29 05.5,+ 8 32 15,4.3
2 29 11.8,+29 44 48,5.29
2 30 31.9,+67 28 48,4.46
2 31 20.9,-79 01 58,5.27
2 32 55.0,-15 10 08,4.74
2 33 10.6,+36 13 26,5.15
2 36 47.7,+ 5 40 08,4.87
2 37 02.6,+ 6 58 10,5.79
2 39 44.2,+72 53 36,5.17
2 39 48.8,+22 02 10,5.45
2 39 51.9,-68 11 32,4.12
2 40 22.9,+ 0 24 11,4.08
2 41 12.3,-54 28 32,5.21
2 41 21.5,-39 46 52,4.11
2 44 12.6,+ 3 18 31,3.47
2 44 29.0,+27 46 50,4.65
2 44 57.4,-13 47 07,4.24
2 45 14.0,+44 22 13,5.43
2 45 24.3,+49 18 05,4.1
2 45 53.5,+10 11 14,4.27
2 45 55.2,-18 29 57,4.47
2 49 49.4,-32 19 59,4.45
2 51 01.1,+27 19 54,3.61
2 51 41.7,+38 23 23,4.22
2 51 50.0,-20 55 58,4.76
2 51 59.2,+55 58 01,3.77
2 52 27.7,+15 09 12,5.52
2 53 36.8,+89 20 17,1.97
2 54 27.7,-49 49 08,7.22
2 55 30.6,+52 49 58,3.93
2 57 17.0,- 8 49 46,3.89
2 57 30.1,- 3 38 34,5.16
2 58 55.5,-40 14 07,2.88
3 00 09.1,+35 15 08,4.94
3 00 39.3,+ 8 58 34,4.71
3 02 18.4,-71 50 03,5.51
3 03 09.8,-23 33 24,4.08
3 03 11.8,+ 4 09 27,2.54
3 04 01.7,-59 40 13,5.12
3 06 04.5,+53 34 25,2.91
3 06 18.3,+38 54 25,3.32
3 08 33.0,+79 29 07,5.49
3 09 18.9,+41 01 19,2.09
3 10 20.4,+49 40 43,4.05
3 10 41.0,+44 55 21,3.79
3 12 38.0,+19 47 30,4.35
3 12 49.2,-28 55 11,3.8
3 12 59.9,-57 15 24,5.71
3 13 40.1,- 1 07 54,5.07
3 15 54.7,+21 06 29,4.87
3 16 41.1,- 8 45 20,4.8
3 19 53.1,+50 17 06,5.16
3 20 16.9,+ 3 26 00,4.84
3 20 17.7,-21 41 42,3.7
3 20 37.6,-43 00 13,4.26
3 21 24.2,+29 06 39,4.47
3 22 14.4,+21 12 32,5.27
3 22 37.0,+77 47 48,5.44
3 25 34.9,+49 55 19,1.79
3 25 45.4,+ 9 05 22,3.61
3 26 12.9,+64 38 49,5.13
3 27 12.4,+49 10 52,6.09
3 28 07.2,+ 9 47 33,3.73
3 29 41.3,-62 52 35,4.71
3 30 30.0,+59 59 59,4.21
3 31 19.4,+58 56 16,4.55
3 31 29.2,- 5 00 58,4.74
3 31 49.0,+48 03 15,4.36
3 31 50.5,+12 59 44,4.14
3 33 45.4,- 9 24 00,3.72
3 34 33.7,-21 34 30,4.26
3 37 05.3,-17 24 36,5.24
3 37 43.4,-40 13 04,4.57
3 37 44.5,+48 14 58,4.32
3 37 46.1,+ 0 27 22,4.29
3 42 56.7,-31 53 00,4.99
3 43 41.4,+63 16 18,5.06
3 44 05.3,- 9 42 19,3.52
3 44 10.7,+47 50 31,3.01
3 44 25.4,-64 45 08,3.84
3 45 23.9,- 1 06 32,5.24
3 45 25.2,+32 20 33,3.84
3 45 55.1,+24 10 02,3.72
3 46 15.2,+24 31 15,4.3
3 46 23.3,+42 37 57,3.77
3 46 36.4,+ 6 06 13,5.34
3 46 52.3,+24 25 16,3.87
3 46 58.2,-12 02 52,4.43
3 46 59.2,-74 11 06,3.26
3 47 22.1,+24 00 06,4.14
3 47 36.1,-23 11 56,4.22
3 48 31.7,+24 09 29,2.85
3 50 06.6,-36 08 53,4.17
3 50 12.4,+24 06 20,3.62
3 51 08.5,+65 34 41,4.39
3 52 14.1,+71 23 02,4.59
3 55 14.2,+31 56 03,2.84
3 58 50.8,-13 27 35,2.97
3 59 01.6,-61 21 04,4.56
3 59 02.0,+40 03 34,2.9
4 00 06.3,+35 50 24,3.98
4 01 39.1,+12 32 19,3.41
4 02 25.4,- 1 30 06,5.28
4 04 05.4,+ 6 02 12,3.91
4 05 44.0,+22 07 42,4.36
4 07 53.7,+50 23 50,4.25
4 08 41.6,+15 12 30,6.02
4 09 56.3,+47 45 27,3.96
4 10 11.3,+19 39 15,5.51
4 10 57.2,+59 57 11,6.29
4 11 54.0,+26 31 31,5.39
4 12 43.3,- 6 47 35,4.04
4 14 35.0,-42 15 07,3.85
4 14 39.2,-62 25 49,3.33
4 16 04.7,- 7 37 36,4.43
4 16 11.4,+48 27 08,4.12
4 16 29.2,+ 8 56 06,4.27
4 16 29.2,-51 26 35,4.26
4 16 46.0,+15 26 35,6.31
4 16 47.3,-59 15 38,4.44
4 18 33.4,-33 45 24,3.55
4 20 47.5,+15 40 07,3.65
4 20 57.0,+14 04 34,5.58
4 21 24.9,-20 35 56,5.38
4 21 33.1,+34 36 27,4.93
4 22 04.9,-63 20 43,5.24
4 22 20.0,+65 10 52,5.26
4 23 56.8,+17 34 56,3.77
4 24 25.4,+16 49 00,5.64
4 24 33.2,- 3 42 22,5.17
4 24 41.7,-33 58 38,3.97
4 26 24.9,+22 19 57,4.21
4 26 30.3,+17 58 00,4.3
4 27 20.7,+15 39 24,4.48
4 27 21.5,+22 51 07,4.28
4 29 34.6,+15 59 59,3.84
4 29 38.5,+19 13 04,3.53
4 29 39.8,+15 54 30,3.4
4 31 22.3,-44 55 01,5.07
4 34 11.8,-29 43 55,4.49
4 34 22.6,-55 00 33,3.3
4 34 50.6,+14 52 48,4.65
4 36 13.9,-30 31 39,3.81
4 36 37.0,+10 11 43,4.25
4 36 55.6,+16 32 35,0.87
4 36 58.0,-62 02 35,5.59
4 37 11.7,- 3 19 04,3.93
4 37 54.4,+41 17 57,4.25
4 38 59.0,-14 16 16,3.86
4 39 08.3,+12 32 41,4.27
4 41 07.6,-41 49 52,4.44
4 41 12.5,-19 38 20,4.32
4 42 40.7,-37 06 40,5.04
4 43 17.9,+22 59 21,4.27
4 46 22.7,- 3 13 26,4.01
4 49 28.2,+56 47 11,5.29
4 50 47.5,+ 6 59 26,3.19
4 51 05.5,+37 31 03,4.89
4 51 34.0,+ 8 55 44,4.35
4 52 08.4,+ 5 38 01,3.68
4 52 24.0,+18 52 06,5.08
4 53 31.5,+14 16 42,4.71
4 53 45.3,- 5 25 29,4.36
4 54 41.8,-74 54 33,5.47
4 55 09.9,+ 2 28 05,3.71
4 55 48.1,+66 22 12,4.26
4 57 21.4,+13 32 27,4.06
4 58 08.2,+33 11 32,2.69
4 58 41.7,+53 46 41,4.43
4 59 27.4,+ 1 44 23,4.47
5 03 13.7,+43 50 51,3.03
5 03 42.3,+41 05 59,3.69
5 04 08.6,+21 36 49,4.62
5 04 58.9,+60 27 56,4.03
5 05 25.3,-49 33 17,5.05
5 05 34.2,+15 25 37,4.65
5 05 48.8,-57 26 57,4.71
5 06 12.2,-22 20 55,3.19
5 07 44.7,+41 15 23,3.18
5 08 42.7,- 5 03 54,2.78
5 09 59.1,- 8 43 58,4.25
5 10 17.5,+ 9 51 03,5.43
5 13 06.9,-11 50 58,4.45
5 13 43.1,-16 11 09,3.29
5 13 44.9,-67 09 56,4.81
5 14 02.4,-12 55 18,4.36
5 14 12.4,+ 2 52 51,4.46
5 14 37.7,+38 30 13,4.82
5 15 22.8,- 8 10 57,0.18
5 17 59.1,+46 00 50,0.08
5 18 07.0,-34 52 44,4.81
5 18 27.4,- 6 49 36,3.59
5 19 48.0,-50 35 16,5.44
5 20 22.5,+40 06 46,4.69
5 20 22.9,-13 09 36,4.29
5 22 39.4,- 0 21 59,4.72
5 24 47.5,- 7 47 36,4.13
5 25 21.5,- 2 22 56,3.35
5 25 28.4,+79 14 50,5.08
5 26 04.2,+ 6 21 51,1.64
5 27 24.0,+28 37 14,1.65
5 28 11.4,+17 58 33,5.4
5 28 59.8,-20 44 48,2.81
5 30 38.4,-47 03 57,5.46
5 31 12.1,-76 19 39,5.18
5 31 43.3,+ 5 57 37,4.2
5 31 49.7,+63 04 46,5.43
5 31 50.1,-35 27 31,3.86
5 32 54.1,- 0 17 15,2.25
5 33 14.4,+18 36 21,4.32
5 33 30.2,-17 48 39,2.58
5 33 46.7,-62 28 43,3.76
5 33 52.1,+32 12 12,4.71
5 35 46.9,+ 9 30 00,4.39
5 36 06.2,+ 9 56 40,3.39
5 36 13.9,- 4 29 02,6.57
5 36 14.3,- 4 24 51,6.24
5 36 17.4,- 5 53 59,2.75
5 37 06.1,- 1 11 31,1.69
5 37 52.1,+ 9 17 56,4.09
5 38 41.5,+21 09 06,2.97
5 39 37.5,- 2 35 28,3.77
5 40 17.0,-34 03 57,2.65
5 41 38.6,- 1 56 04,1.74
5 44 48.4,-65 43 45,4.34
5 45 11.6,-22 26 37,3.59
5 47 15.5,+49 49 55,5.46
5 47 42.0,-51 03 39,3.85
5 47 45.0,-14 49 00,3.55
5 48 27.5,+17 44 03,5.47
5 48 35.2,- 9 39 53,2.07
5 50 08.8,-56 09 46,4.5
5 51 17.0,-52 06 20,5.16
5 51 34.7,-35 45 45,3.12
5 52 04.5,-20 52 43,3.76
5 52 42.2,+39 09 07,3.97
5 54 25.7,+27 36 53,4.56
5 55 25.2,+20 16 40,4.39
5 56 07.2,+ 7 24 32,0.45
5 56 18.9,+55 42 32,4.96
5 57 12.2,-14 09 56,3.71
5 58 09.5,-35 16 56,4.36
5 59 41.0,-42 48 54,3.96
5 59 43.6,+ 0 33 12,5.21
6 00 48.8,+44 56 50,1.9
6 00 54.9,+37 12 44,2.65
6 00 58.1,+54 17 02,3.72
6 01 14.1,+45 56 11,4.3
6 03 20.8,+ 9 38 45,4.12
6 04 57.6,+20 08 12,4.64
6 05 11.1,+23 15 39,4.16
6 05 46.0,-16 29 12,4.92
6 08 34.3,+14 45 54,4.42
6 08 37.5,-68 50 49,5.06
6 09 42.0,-22 25 54,5.49
6 09 43.1,-74 45 30,5.08
6 10 38.4,-54 58 23,4.72
6 12 56.1,+14 12 12,4.45
6 14 36.6,+65 42 45,5.36
6 15 42.6,- 6 16 53,3.99
6 15 56.1,+22 30 01,3.31
6 16 29.6,+29 29 24,4.32
6 17 10.5,-35 08 50,4.37
6 17 25.6,+12 15 57,5.04
6 20 33.4,- 7 49 53,5.27
6 20 46.3,+69 18 39,4.76
6 20 59.1,-30 04 20,3.02
6 21 10.0,+59 00 09,4.44
6 22 45.2,-33 26 46,3.85
6 23 28.3,-17 57 57,1.98
6 24 01.1,+22 30 11,2.87
6 24 20.4,-52 42 21,$-$0.62
6 24 41.7,+ 4 34 57,4.39
6 24 59.3,-11 32 26,5.21
6 26 14.7,+49 16 37,4.92
6 28 49.2,-32 35 31,4.47
6 28 49.4,- 4 46 27,5.06
6 30 00.1,+20 11 58,4.13
6 32 35.1,-23 25 55,4.34
6 33 36.1,-11 10 49,6.3
6 33 51.0,+ 7 19 08,4.47
6 34 31.2,- 1 14 05,5.09
6 35 21.7,-52 59 26,4.35
6 35 47.4,-22 58 47,4.54
6 37 26.9,-19 16 19,3.95
6 38 17.8,-43 12 43,3.17
6 38 39.6,-18 15 13,4.42
6 38 43.3,+16 22 58,1.93
6 41 56.5,+ 9 52 42,4.66
6 44 58.5,+13 12 32,4.49
6 45 00.5,+25 06 44,3.06
6 45 50.3,-52 13 13,6.56
6 45 54.8,-16 44 30,$-$1.44
6 46 16.3,+12 52 31,3.35
6 47 57.4,-37 57 00,5.27
6 47 59.9,+43 33 30,5.24
6 48 22.2,-61 57 38,3.24
6 48 46.4,+ 2 23 30,4.48
6 48 59.5,+48 46 09,5.22
6 49 11.4,+79 32 30,5.44
6 50 14.1,-53 38 36,4.41
6 50 22.2,-50 38 10,2.94
6 50 29.7,-32 31 47,3.5
6 51 14.7,-70 59 06,5.41
6 51 32.9,- 8 03 45,6.31
6 53 56.5,+33 56 19,3.6
6 54 51.6,-24 12 26,3.89
6 54 59.8,-42 23 19,6.32
6 55 00.2,-12 03 42,4.08
6 55 34.9,+68 51 55,5.11
6 56 55.1,-17 04 41,4.36
6 58 47.2,+58 23 52,4.35
6 59 18.8,-28 59 49,1.5
7 02 25.0,-27 57 39,3.49
7 02 35.6,+76 57 06,4.55
7 03 28.7,+24 11 20,5.2
7 03 45.3,-23 51 36,3.02
7 04 33.0,-15 39 37,4.11
7 04 36.1,-42 21 50,5.2
7 04 37.9,-56 46 36,5.14
7 05 08.8,+20 32 35,4.01
7 08 35.6,-70 31 38,3.78
7 09 06.2,-26 25 19,1.83
7 11 05.8,- 4 15 56,4.91
7 12 15.1,+30 12 54,4.41
7 12 45.5,- 0 31 23,4.15
7 12 51.4,+39 17 25,4.91
7 13 03.6,-46 47 21,4.49
7 13 30.1,+24 05 52,5.85
7 14 04.4,-44 40 08,4.42
7 14 22.5,+16 07 40,5.07
7 14 58.0,-26 23 01,4.42
7 15 31.3,-26 48 14,4.01
7 16 49.1,-67 59 21,3.97
7 17 45.7,-37 07 47,2.71
7 19 05.9,+16 30 27,3.58
7 19 26.1,-24 59 14,4.37
7 21 10.0,+21 56 55,3.5
7 24 47.3,-29 20 17,2.45
7 25 21.0,+40 38 13,5.23
7 26 48.7,+27 45 43,3.78
7 28 05.9,+ 8 15 10,2.89
7 29 06.9,+ 8 53 20,4.33
7 29 47.2,-43 20 15,3.25
7 30 14.1,+31 44 54,4.16
7 30 46.2,+11 58 09,4.55
7 34 48.1,-22 20 05,4.44
7 35 42.6,+31 50 52,1.58
7 35 42.9,+31 50 56,1.58
7 36 05.7,-52 34 24,4.93
7 36 59.9,+26 51 19,4.06
7 38 01.0,-35 00 31,4.53
7 38 08.9,- 4 09 04,5.14
7 40 13.1,+ 5 10 43,0.4
7 41 33.4,-31 42 10,6.6
7 41 35.7,-72 38 52,3.93
7 42 05.0,- 9 35 35,3.94
7 44 24.2,+28 50 23,4.23
7 44 28.7,+58 40 03,4.93
7 44 30.6,-28 59 51,3.94
7 45 30.1,+24 21 17,3.57
7 45 52.7,-38 00 43,3.62
7 46 23.1,+27 58 57,1.16
7 46 45.2,-14 36 27,5.03
7 47 08.2,+18 27 58,4.89
7 47 13.9,+10 43 28,5.25
7 47 49.1,+37 28 25,5.15
7 48 03.3,-46 39 09,5.22
7 48 03.7,+86 58 38,5.05
7 48 37.8,+33 22 17,5.14
7 48 48.8,-25 58 54,4.4
7 49 46.3,-46 25 05,4.1
7 50 01.8,-24 54 17,3.34
7 52 36.4,+ 1 43 16,5.12
7 52 49.2,-40 37 18,3.71
7 53 15.8,-38 54 32,4.49
7 53 49.0,-48 08 57,4.22
7 54 33.9,+26 43 09,4.97
7 55 58.8,+47 31 03,5.47
7 57 13.4,-53 01 48,3.46
7 57 36.7,-22 55 40,4.2
7 58 22.0,-30 22 57,4.76
7 58 44.6,-49 17 35,4.47
7 59 55.4,-60 38 08,5.19
8 00 36.6,- 3 43 42,4.93
8 00 39.1,-18 26 54,4.61
8 02 15.4,+73 52 07,5.37
8 03 10.5,+ 2 17 07,4.39
8 04 12.0,-40 03 12,2.21
8 04 35.4,+27 44 38,4.94
8 07 58.8,-68 40 07,4.35
8 08 17.4,-24 21 20,2.83
8 09 28.4,- 3 02 09,4.36
8 09 46.0,+51 27 17,4.78
8 09 48.5,-19 17 50,4.4
8 10 04.3,-47 23 20,1.75
8 11 59.0,-39 40 17,4.44
8 14 08.2,-15 50 31,4.99
8 14 32.0,+68 25 14,5.34
8 14 40.2,-40 24 08,4.42
8 17 27.8,+ 9 07 50,3.53
8 18 02.9,-76 58 28,4.05
8 19 12.6,-36 42 51,4.44
8 20 05.3,-77 32 25,4.34
8 21 07.5,+27 09 35,5.13
8 22 04.4,-33 06 39,4.83
8 22 52.3,-59 33 58,1.86
8 24 01.7,+43 07 50,4.25
8 25 49.1,-24 06 14,5.32
8 25 55.3,-66 11 44,3.77
8 26 32.1,- 3 57 52,3.91
8 31 42.3,+60 39 29,3.35
8 33 43.1,+20 22 50,5.33
8 38 15.6,-43 03 04,4.11
8 38 34.9,+ 5 38 30,4.14
8 39 40.3,+ 3 16 44,4.45
8 40 41.4,-79 01 34,5.46
8 40 47.3,-35 22 16,3.97
8 40 47.7,-52 59 04,3.6
8 40 51.2,-12 32 17,4.98
8 41 00.2,-59 49 26,4.31
8 41 12.4,-46 42 42,3.77
8 42 13.2,+45 46 17,5.35
8 44 08.3,+ 3 20 05,4.3
8 44 17.8,+21 24 16,4.66
8 44 17.8,-33 15 01,3.68
8 45 01.5,-42 42 48,4.05
8 45 11.2,-54 46 25,1.93
8 45 40.6,+18 05 20,3.94
8 46 37.3,-46 06 22,3.87
8 47 09.7,-56 50 05,4.5
8 47 12.2,-13 36 45,4.32
8 47 42.0,+ 6 21 13,3.38
8 47 45.2,+28 41 41,4.03
8 49 21.5,+ 5 46 20,4.35
8 50 14.5,- 3 30 32,5.3
8 51 16.5,-27 46 32,4.02
8 53 48.8,-85 43 50,5.43
8 55 26.5,-60 42 43,3.84
8 56 19.1,+ 5 52 41,3.11
8 57 24.1,-59 17 50,4.93
8 59 26.6,+11 47 20,4.26
9 00 23.9,+47 58 19,3.12
9 00 36.9,+32 20 58,5.23
9 00 44.7,-41 19 20,4.45
9 01 46.2,+41 42 44,3.96
9 02 43.1,-66 27 58,4
9 04 05.9,+67 33 35,4.74
9 04 45.6,-47 10 05,3.75
9 04 48.7,+47 05 10,3.57
9 05 10.9,-72 40 23,4.47
9 07 38.2,+38 22 52,4.56
9 08 38.4,-43 30 14,2.23
9 08 41.6,+10 35 49,5.23
9 10 05.8,+51 31 58,4.46
9 10 21.7,+21 58 25,5.16
9 11 25.7,-59 02 20,3.43
9 11 40.5,-62 23 21,3.96
9 13 23.1,-69 47 22,1.67
9 14 56.5,+43 08 40,5.3
9 15 16.4,+ 2 14 23,3.89
9 16 41.7,-57 36 55,4.34
9 17 33.5,-59 20 57,2.21
9 19 55.7,+36 43 39,3.82
9 22 07.0,+34 19 03,3.14
9 22 16.1,-26 02 26,4.71
9 22 39.4,-55 05 09,2.47
9 25 40.2,+26 06 22,4.47
9 28 26.8,- 8 44 07,1.99
9 29 58.1,-36 01 43,4.51
9 31 23.5,-40 32 39,3.6
9 31 43.5,-73 09 31,5.46
9 31 45.3,-57 06 43,3.16
9 32 41.0,-62 52 00,7.43
9 32 43.0,+22 53 24,4.32
9 32 53.2,+11 13 17,4.99
9 32 53.4,+62 59 03,3.65
9 34 00.9,-21 11 38,5.02
9 34 01.1,+51 35 48,3.17
9 34 57.1,-59 18 30,4.08
9 35 17.4,+36 19 08,4.54
9 36 00.0,+69 45 08,4.54
9 36 00.8,+51 58 21,4.47
9 37 27.2,-49 26 02,4.34
9 39 22.0,+ 4 34 10,4.68
9 39 27.4,+81 14 49,4.28
9 40 45.0,- 1 13 23,3.9
9 41 08.7,-14 24 45,5.07
9 42 05.0,+ 9 48 43,3.52
9 44 41.0,+13 56 27,5.36
9 44 59.0,-27 51 01,4.78
9 45 43.7,-62 35 20,3.69
9 46 50.5,+23 41 34,2.97
9 47 32.3,-65 09 13,2.92
9 48 29.9,+11 20 49,10.35
9 49 42.6,+45 56 19,5.08
9 52 13.2,+58 57 20,3.78
9 52 19.2,-14 55 45,4.11
9 53 45.3,+25 55 26,3.88
9 55 41.8,-19 05 34,4.94
9 57 28.7,-54 39 06,3.52
9 58 45.0,+40 58 17,5.11
9 59 37.4,-35 58 31,5.23
10 01 08.2,+ 7 57 35,4.68
10 02 00.9,+31 50 13,5.37
10 05 58.6,-13 09 00,4.6
10 08 17.1,+16 40 36,3.48
10 08 27.4,+35 09 31,4.49
10 08 49.9,+ 9 54 40,4.39
10 08 50.0,- 0 27 28,4.48
10 09 18.1,+11 52 52,1.36
10 11 26.5,-12 26 28,3.61
10 14 09.1,-70 07 30,3.29
10 15 28.4,-42 12 33,3.85
10 17 39.6,+23 19 46,3.43
10 17 40.2,-61 25 12,3.39
10 18 08.7,+42 49 35,3.45
10 18 30.0,- 8 09 25,5.25
10 18 55.8,-29 04 48,5.52
10 20 56.1,+19 45 09,2.01
10 23 04.8,-41 44 18,4.82
10 23 21.9,+41 24 39,3.06
10 24 15.4,-38 05 57,5.34
10 24 44.3,-74 07 15,3.99
10 25 22.4,+65 28 38,4.94
10 26 56.3,-16 55 34,3.83
10 27 57.3,-31 09 26,4.28
10 28 31.5,-58 49 45,3.81
10 28 53.4,+36 37 01,4.2
10 30 22.0,- 2 49 45,5.19
10 31 44.1,+55 53 25,4.82
10 32 39.0,-61 46 32,3.3
10 33 04.4,+82 28 06,5.25
10 33 07.7,+14 02 49,5.43
10 33 41.4,-47 05 38,5.02
10 33 43.9,+ 9 12 58,3.84
10 34 50.9,-23 50 09,5.08
10 35 39.7,-78 41 55,4.11
10 36 15.9,-57 38 55,4.45
10 36 16.6,+56 59 31,5.16
10 36 31.9,+75 37 19,4.86
10 38 02.5,-48 19 01,3.84
10 39 42.1,+31 53 05,4.68
10 40 00.4,-55 41 41,4.29
10 43 35.1,-64 29 11,2.74
10 44 17.8,+68 59 03,5.01
10 44 21.9,+23 05 47,5.08
10 44 34.2,+46 06 41,5.18
10 45 55.7,-80 37 57,4.45
10 46 50.0,+30 35 23,5.36
10 47 21.0,+18 47 56,5.5
10 47 31.6,-49 30 47,2.69
10 50 10.5,+10 27 08,5.32
10 50 29.4,-16 17 08,3.11
10 54 12.6,-58 56 47,3.78
10 54 17.2,+34 07 12,3.79
10 56 33.5,+24 39 22,4.3
10 57 32.2,-37 13 56,4.6
11 00 26.5,+40 20 11,5.03
11 00 37.7,-18 23 32,4.08
11 00 57.7,-42 19 12,4.37
11 01 27.8,+ 3 31 24,4.84
11 02 53.2,+56 17 18,2.34
11 03 15.7,+20 05 08,4.42
11 04 47.6,+61 39 23,1.81
11 05 55.1,+ 7 14 28,4.62
11 06 10.6,-27 23 18,4.92
11 09 20.6,-59 04 12,3.93
11 10 38.5,+44 24 12,3
11 12 31.3,-22 55 18,4.46
11 13 21.2,-49 11 46,5.37
11 15 02.2,+20 25 39,2.56
11 15 09.4,+15 20 01,3.33
11 17 33.1,- 3 44 51,4.45
11 17 51.4,- 7 13 49,6.11
11 19 25.2,+32 59 55,3.49
11 20 04.8,+38 05 22,4.76
11 20 13.0,-14 52 24,3.56
11 21 48.6,-54 35 13,3.9
11 22 02.3,+ 5 56 00,4.05
11 24 50.1,+10 25 58,4
11 25 45.5,-17 46 49,4.06
11 28 50.2,+ 2 45 35,4.95
11 32 25.5,+69 14 03,3.82
11 33 52.0,-31 57 17,3.54
11 36 35.8,-63 07 00,3.11
11 36 46.8,-47 44 20,5.26
11 37 34.3,- 9 53 57,4.7
11 37 50.7,- 0 55 14,4.3
11 41 05.2,-34 50 30,4.7
11 41 58.1,+34 06 10,5.31
11 43 26.1,+66 38 53,5.32
11 44 21.8,-62 35 12,5
11 45 39.1,-18 26 53,4.71
11 46 26.6,-66 49 33,3.63
11 46 45.5,+ 6 25 53,4.04
11 46 58.1,+47 40 56,3.69
11 47 22.2,-61 16 33,4.11
11 48 53.2,+20 07 18,4.5
11 49 38.3,-26 50 50,5.1
11 49 57.1,+14 28 27,2.14
11 50 32.8,-63 53 09,4.3
11 51 36.4,+ 1 39 58,3.59
11 52 01.5,-45 16 15,4.47
11 53 47.8,-34 00 20,4.29
11 54 44.7,+53 35 51,2.41
11 56 34.5,+15 32 58,5.53
11 56 54.6,-17 14 54,5.17
12 01 46.2,+ 6 31 00,4.65
12 03 55.6,-63 24 37,4.32
12 04 34.3,-42 31 55,5.15
12 06 06.0,+ 8 38 09,4.12
12 07 48.4,-64 42 41,4.14
12 09 00.0,-50 45 31,4.46
12 09 16.3,-50 49 11,2.58
12 09 19.2,-24 49 35,4.02
12 11 01.7,-22 43 01,3.02
12 12 34.4,-52 27 57,3.97
12 13 00.0,+77 31 09,5.14
12 16 05.1,-58 50 46,2.79
12 16 17.1,+56 56 08,3.32
12 16 42.5,-17 38 20,2.58
12 18 31.9,-68 03 29,4.06
12 19 23.9,-64 06 01,4.06
12 19 24.6,-79 24 33,4.24
12 20 40.1,+48 53 14,5.28
12 20 48.1,- 0 45 50,3.89
12 21 14.3,+ 3 12 55,4.97
12 22 18.9,-60 29 52,3.59
12 23 23.0,+25 44 57,4.78
12 26 42.5,+38 55 18,5.01
12 27 35.1,-63 11 45,0.77
12 27 48.5,+28 10 17,4.35
12 28 59.6,-50 19 38,3.91
12 29 18.6,-39 08 16,5.45
12 30 46.0,+58 18 35,5.37
12 30 46.3,-16 36 46,2.94
12 32 08.8,-57 12 40,1.59
12 32 58.5,-16 17 34,4.3
12 33 32.1,-72 13 46,3.84
12 34 13.2,+69 41 31,3.85
12 34 30.5,+33 09 04,5.42
12 34 34.2,+41 15 45,4.24
12 35 18.6,-23 29 36,2.65
12 35 43.3,+22 31 59,4.8
12 36 00.4,+18 16 51,5.03
12 38 14.8,-69 13 54,2.69
12 38 40.0,-48 38 15,3.85
12 40 09.1,- 8 05 30,4.66
12 42 29.4,-49 03 20,2.2
12 42 32.9,- 1 32 44,2.74
12 42 32.9,- 1 32 41,2.74
12 42 46.2,+10 08 22,4.88
12 44 56.7,-28 25 11,5.46
12 45 57.0,+45 20 41,5.42
12 46 30.1,+ 7 34 40,5.22
12 47 22.3,-68 12 13,3.04
12 48 45.3,-59 47 03,1.25
12 51 38.4,-34 05 40,4.9
12 52 33.0,+27 26 45,4.93
12 54 06.8,-49 02 18,4.33
12 54 24.7,-40 16 25,4.25
12 54 47.7,+55 51 54,1.76
12 55 15.9,- 9 38 01,4.77
12 55 38.0,-57 16 21,4.03
12 56 10.0,+65 20 38,5.23
12 56 29.1,+ 3 18 10,3.39
12 56 50.6,+38 13 27,2.89
12 57 00.5,-85 13 04,5.45
13 01 28.5,+56 16 21,4.93
13 03 02.9,+10 51 56,2.85
13 03 30.1,-71 38 34,3.61
13 06 33.4,+35 42 20,5.2
13 07 56.5,-49 59 58,4.27
13 10 51.5,- 5 37 55,4.38
13 12 41.3,+27 47 23,4.23
13 16 27.4,-67 59 12,4.79
13 17 51.8,-31 35 54,5.1
13 18 19.5,+40 28 51,4.72
13 18 29.3,+ 5 22 41,4.78
13 19 19.4,-18 24 29,4.74
13 19 52.6,-23 15 48,2.99
13 21 35.2,-36 48 15,2.75
13 23 46.7,-61 04 46,4.52
13 24 37.7,+54 50 04,2.23
13 25 55.4,+54 53 50,3.99
13 26 07.0,-11 15 08,0.98
13 27 38.8,-12 47 54,5.27
13 29 05.5,+59 51 21,5.4
13 29 17.2,+13 41 09,4.97
13 32 03.9,-39 29 50,3.9
13 35 01.2,+ 3 34 11,4.92
13 35 34.6,+37 05 36,4.91
13 35 35.2,- 0 41 05,3.38
13 37 36.4,+71 09 12,5.5
13 41 00.5,-53 33 17,2.29
13 41 05.3,-50 02 17,5.74
13 42 32.0,- 8 47 27,5.03
13 46 41.2,-33 07 54,4.23
13 48 05.6,+17 22 13,4.5
13 48 13.7,+49 13 35,1.85
13 48 25.1,-62 40 36,6.4
13 50 19.3,+15 42 42,4.05
13 50 27.9,-34 32 15,4.19
13 50 33.7,-41 46 27,3.41
13 50 40.7,-42 33 37,3.47
13 50 49.5,-18 13 14,4.96
13 51 56.6,+64 38 14,4.58
13 55 31.1,+18 18 38,2.68
13 56 38.4,-47 22 26,2.55
13 58 56.0,-63 46 18,4.71
13 59 20.5,-42 11 08,3.83
13 59 30.3,-25 03 25,5.2
13 59 46.1,-44 53 18,3.87
14 02 32.3,+ 1 27 38,4.23
14 02 49.5,-45 41 15,4.34
14 03 23.4,+ 9 36 07,6.18
14 04 51.8,+64 17 33,3.67
14 05 04.4,-60 27 24,0.61
14 07 05.6,-76 52 48,5.69
14 07 07.3,-41 15 46,4.36
14 07 22.4,-26 45 57,3.25
14 07 43.1,-36 27 19,2.06
14 08 37.7,+43 46 18,5.13
14 08 48.3,+77 27 55,4.8
14 11 11.8,+25 00 34,4.82
14 13 49.9,-10 21 16,4.18
14 16 27.6,+19 05 31,$$-$0.05
14 16 47.1,+51 17 13,4.75
14 16 56.0,- 6 05 00,4.07
14 17 02.9,+46 00 31,4.18
14 18 44.2,+35 25 46,4.8
14 20 03.6,-13 27 03,4.52
14 20 07.1,+12 55 27,5.41
14 20 31.9,-46 08 17,3.55
14 21 33.7,-56 27 58,4.3
14 21 37.7,-37 57 54,4.05
14 24 07.3,-39 35 27,4.41
14 25 03.7,+ 5 44 29,5.1
14 25 47.5,+51 46 13,4.04
14 25 48.8,-24 53 06,5.34
14 27 16.1,-45 17 59,4.56
14 27 16.2,+19 08 56,5.4
14 27 18.8,-45 27 27,4.33
14 27 30.5,+75 37 05,4.25
14 29 06.3,- 2 18 20,4.81
14 29 12.2,-29 34 10,4.97
14 29 55.9,-83 44 44,4.31
14 32 35.0,+30 17 43,3.57
14 32 46.9,+38 13 56,3.04
14 33 48.4,-50 32 01,4.44
14 35 26.5,+29 40 11,4.47
14 36 37.5,-42 14 01,2.33
14 39 04.4,-49 30 04,4.05
14 39 29.3,+44 19 46,5.39
14 40 47.9,-60 54 23,1.35
14 40 48.3,-60 54 26,$-$0.01
14 41 59.1,+13 39 15,3.78
14 43 03.2,-37 52 03,4.01
14 43 06.1,-47 27 44,2.3
14 43 56.5,-65 03 00,3.18
14 43 59.1,- 5 44 00,3.87
14 44 11.5,+26 27 15,4.8
14 44 44.0,-35 14 53,4.06
14 45 45.1,+27 00 04,2.35
14 47 08.1,+ 1 49 12,3.73
14 48 15.4,-52 27 23,5.22
14 48 46.3,-26 09 35,5.23
14 50 07.0,-79 07 01,3.83
14 50 40.3,+74 05 02,2.07
14 51 19.2,-28 01 56,4.42
14 51 39.4,-16 04 08,5.15
14 51 51.0,-16 06 49,2.75
14 51 53.2,+59 13 24,5.48
14 52 47.3,-43 38 48,4.32
14 56 49.5,-33 55 33,5.32
14 57 43.2,-11 28 46,5.48
14 57 52.0,+65 51 47,4.63
14 58 06.0,- 4 25 00,4.47
14 59 41.1,-43 12 12,2.68
15 00 18.4,-42 10 24,3.13
15 01 54.6,- 8 35 15,4.91
15 02 36.3,+40 19 20,3.49
15 03 47.2,+ 2 01 25,4.39
15 05 05.9,-25 20 59,3.25
15 05 11.8,+26 52 49,4.52
15 06 46.8,+54 29 22,5.24
15 08 04.2,+24 48 07,4.93
15 10 01.8,-45 20 46,4.07
15 13 09.6,-48 48 11,3.88
15 13 13.3,-19 51 25,4.54
15 13 33.1,-52 09 52,3.41
15 14 50.8,+67 16 50,5.15
15 15 41.9,-31 35 00,4.91
15 16 03.6,+ 4 52 31,5.32
15 16 12.5,+33 15 01,3.46
15 17 57.1,- 9 26 47,2.61
15 18 53.9,-58 51 54,4.07
15 18 54.0,-30 12 43,4.35
15 19 45.5,-47 56 18,4.27
15 20 34.1,-68 44 33,2.87
15 20 42.8,+71 46 18,3
15 22 31.6,-40 42 35,3.22
15 22 55.3,-36 19 25,3.57
15 23 52.6,-44 45 04,3.37
15 24 16.8,-36 55 12,4.54
15 24 47.1,-59 22 56,4.48
15 25 09.1,+37 19 00,4.31
15 25 19.3,+58 54 19,3.29
15 26 36.1,+15 22 03,5.16
15 28 33.1,+29 02 46,3.66
15 31 33.5,+40 46 27,5.04
15 33 27.4,-73 26 53,5.4
15 33 38.2,+31 18 03,4.14
15 35 08.2,-10 07 24,4.61
15 35 25.8,+26 39 24,2.22
15 35 38.4,+10 28 53,3.8
15 36 18.8,-41 13 27,2.8
15 36 30.5,-14 50 48,3.91
15 37 24.4,-44 27 15,5.44
15 38 05.4,-28 11 31,3.6
15 38 20.5,-66 22 27,4.11
15 38 27.3,+40 17 50,5.25
15 39 14.3,-42 37 24,4.34
15 39 44.1,-29 50 03,3.66
15 40 08.1,-52 25 44,5.43
15 42 57.5,-19 44 04,4.75
15 43 28.1,+77 44 24,4.29
15 43 28.7,+26 14 28,3.81
15 45 07.9,+ 6 22 18,2.63
15 46 56.3,+62 32 45,5.19
15 46 59.8,+15 22 05,3.65
15 47 17.6,+ 7 17 57,4.42
15 49 31.7,+18 05 19,4.09
15 50 19.7,+26 00 57,4.59
15 50 32.1,- 3 28 58,3.54
15 51 41.4,+ 4 25 34,3.71
15 51 53.5,+35 36 14,4.79
15 52 04.5,-33 40 45,3.97
15 53 16.9,+42 24 12,4.6
15 54 21.2,-20 13 05,5.04
15 54 49.5,-16 46 46,4.13
15 56 42.0,-63 28 58,2.83
15 57 15.8,+15 36 20,3.85
15 57 58.1,-29 15 50,3.87
15 58 12.5,+54 42 03,4.96
15 58 18.8,+26 49 41,4.14
15 59 10.3,-14 19 43,4.95
15 59 54.8,-26 09 47,2.89
16 00 14.1,+25 52 17,10.08
16 00 42.1,-41 47 35,4.99
16 01 17.2,-38 26 43,3.42
16 01 18.7,-16 35 01,5.47
16 01 22.3,-22 40 13,2.29
16 02 13.2,+58 31 08,4.01
16 06 27.4,-19 51 07,2.56
16 06 27.7,-19 50 54,4.9
16 07 44.0,-45 13 09,4.73
16 07 44.8,-36 50 55,4.22
16 07 50.0,-20 42 55,3.93
16 08 26.1,-20 54 53,4.31
16 08 52.0,+17 00 05,5
16 09 19.3,+44 53 23,4.23
16 09 36.7,+36 26 51,4.73
16 10 20.9,+75 49 58,5.48
16 13 00.9,-19 30 18,4
16 14 52.0,-54 40 26,4.95
16 15 15.9,- 3 44 17,2.73
16 17 00.8,+75 42 52,4.95
16 17 02.6,-63 43 42,3.86
16 19 14.9,- 4 44 02,3.23
16 20 16.1,+46 16 21,3.91
16 20 39.4,-30 56 52,5.53
16 21 09.4,-50 11 48,4.01
16 22 15.3,-25 38 00,2.9
16 22 41.6,+19 06 47,3.74
16 22 57.6,+ 0 59 21,4.82
16 23 01.1,-78 44 11,4.68
16 24 13.9,+61 28 30,2.73
16 25 07.8,-20 04 37,4.48
16 26 13.5,+13 59 39,4.57
16 27 57.4,+68 43 49,4.94
16 28 02.4,-18 29 41,4.22
16 28 28.4,-47 35 35,4.46
16 30 22.3,-70 07 17,4.9
16 30 29.0,-26 28 10,1.06
16 30 58.4,+21 27 09,2.78
16 31 47.9,+ 1 56 49,3.82
16 32 08.6,-16 38 58,4.29
16 32 31.8,-34 44 27,4.24
16 33 10.6,-21 30 09,4.45
16 34 40.1,+42 24 06,4.2
16 36 11.3,-78 55 58,3.86
16 36 58.5,-28 15 03,2.82
16 37 31.8,-35 17 23,4.18
16 38 07.5,-10 36 04,2.54
16 39 13.4,+48 53 41,4.86
16 41 56.8,+31 34 18,2.81
16 42 35.2,-17 46 29,4.91
16 43 29.8,+38 53 23,3.48
16 44 14.2,+82 00 22,4.21
16 45 37.0,-77 33 03,4.23
16 45 37.9,+56 45 04,4.84
16 50 32.0,-69 03 26,1.91
16 50 48.2,-10 48 45,4.64
16 51 18.0,-34 19 25,2.29
16 51 18.3,-59 04 14,3.77
16 52 28.8,+24 37 41,5.03
16 53 03.6,-38 04 33,3
16 53 31.4,-38 02 45,3.56
16 53 37.9,+31 40 25,5.34
16 54 50.2,+10 08 16,4.39
16 55 49.1,-42 23 23,3.62
16 58 29.8,+ 9 20 56,3.19
17 00 04.4,-56 00 57,3.12
17 00 57.6,+30 54 06,3.92
17 00 59.0,-53 11 08,4.06
17 01 59.0,- 4 14 51,4.82
17 02 15.2,+33 32 38,5.27
17 06 11.4,+12 43 05,4.89
17 08 50.4,+65 41 36,3.17
17 11 23.0,-15 44 43,2.43
17 13 24.6,-43 15 38,3.32
17 15 26.8,+14 22 17,2.78
17 15 39.4,+36 47 25,3.16
17 15 45.1,+24 49 11,3.12
17 21 05.2,+18 02 25,5.01
17 21 18.9,+32 26 46,5.38
17 21 48.8,-12 51 48,4.32
17 22 03.4,-21 07 49,4.39
17 23 05.1,-25 00 56,3.27
17 24 03.5,-70 08 20,5.39
17 26 39.2,+86 34 26,4.35
17 26 45.5,-55 32 40,2.84
17 26 52.3,-56 23 32,3.31
17 27 23.0,+ 4 07 35,4.34
17 27 26.4,-24 11 24,4.16
17 27 33.6,- 5 06 03,4.53
17 28 28.4,-29 52 53,4.28
17 30 49.7,+52 17 20,2.79
17 31 26.8,+26 05 55,4.41
17 31 53.8,+68 07 26,5.07
17 31 57.3,-37 18 29,2.7
17 32 31.3,+55 10 22,4.89
17 32 36.8,+55 09 42,4.86
17 32 40.9,-60 41 46,3.6
17 33 11.8,-49 53 17,2.84
17 34 47.9,-37 06 54,1.62
17 35 44.8,+12 32 55,2.08
17 36 51.1,+68 44 59,4.77
17 37 45.2,-38 38 45,4.26
17 38 34.7,-43 00 26,1.86
17 38 35.4,-15 24 29,3.54
17 39 57.6,+45 59 52,3.82
17 41 37.9,+72 08 23,4.57
17 42 23.9,-12 53 00,4.24
17 43 42.0,-39 02 14,2.39
17 44 04.7,+24 19 17,5.73
17 44 20.3,+ 4 33 40,2.76
17 44 28.8,-21 41 25,4.86
17 45 32.2,-51 50 29,5.12
17 47 08.7,+27 42 41,3.42
17 47 27.2,-64 43 47,3.61
17 48 39.8,-27 50 09,4.53
17 48 40.2,+76 57 34,5.02
17 48 46.2,+ 2 42 07,3.75
17 48 48.6,-40 07 55,2.99
17 51 03.0,-37 02 50,3.19
17 53 49.9,+56 52 13,3.73
17 56 07.6,+26 02 54,5.47
17 56 51.2,+37 14 57,3.86
17 57 00.8,+51 29 15,2.24
17 58 26.7,+29 14 49,3.7
17 59 10.4,+30 11 20,4.41
17 59 59.4,- 9 46 28,3.32
18 00 50.2,+16 45 04,4.67
18 01 31.3,+ 2 55 55,3.93
18 02 38.5,+ 1 18 21,4.42
18 06 08.3,-29 34 40,4.66
18 06 20.2,+ 2 29 53,4.03
18 06 55.9,-30 25 20,2.98
18 07 59.6,-50 05 18,3.65
18 08 00.4,+43 27 54,5
18 08 10.8,+ 9 34 03,3.71
18 08 13.5,+28 45 57,3.84
18 09 30.4,+20 49 06,4.37
18 10 15.9,-63 39 56,4.33
18 12 31.7,-45 56 58,4.52
18 13 59.9,+64 24 12,4.99
18 14 48.6,-21 03 10,3.84
18 18 35.9,-56 00 57,5.36
18 18 48.7,-36 45 17,3.1
18 20 28.5,+36 04 24,4.33
18 20 30.3,+71 20 48,4.22
18 20 44.4,+72 44 24,3.55
18 21 44.5,+ 3 23 11,4.85
18 22 06.8,-29 49 09,2.72
18 22 13.0,- 2 53 35,3.23
18 24 26.7,+21 46 44,3.85
18 24 50.2,-61 29 01,4.35
18 25 20.0,-34 22 29,1.79
18 28 16.2,-45 57 25,3.49
18 29 03.0,-25 24 38,2.82
18 30 10.7,-49 03 33,4.1
18 30 11.7,-14 33 12,4.67
18 30 35.6,- 1 58 22,5.38
18 34 45.1,-42 17 53,4.62
18 36 09.6,- 8 13 50,3.85
18 37 17.9,+ 9 08 15,5.38
18 37 31.9,+38 48 03,0.03
18 43 13.9,- 9 02 04,4.7
18 44 28.4,- 8 15 24,4.88
18 45 04.2,-71 24 37,4.01
18 45 22.5,+37 37 27,4.34
18 45 47.8,+75 27 14,5.37
18 46 24.9,+20 33 51,4.19
18 46 44.9,-26 58 17,3.17
18 46 46.8,+26 40 55,4.83
18 47 47.7,+18 12 08,4.34
18 48 06.2,- 4 43 40,4.22
18 48 25.0,- 5 41 06,5.38
18 50 06.1,-43 39 33,5.46
18 50 43.6,+33 23 02,3.52
18 51 27.5,+59 24 36,4.63
18 53 50.0,-62 09 55,4.22
18 54 10.7,+71 19 13,4.82
18 55 07.0,+36 55 18,4.22
18 55 52.1,+43 58 12,4.08
18 56 21.0,-26 16 25,2.05
18 57 05.4,+ 4 13 39,4.62
18 58 44.7,-67 12 33,4.4
18 58 46.4,-21 04 56,3.52
18 59 35.9,+32 42 52,3.25
18 59 51.5,-52 54 50,4.85
19 00 25.0,+15 05 35,4.02
19 02 36.9,- 5 42 48,4.02
19 03 43.4,-29 51 13,2.6
19 04 37.6,-87 34 53,5.29
19 05 43.8,-21 42 52,3.76
19 06 12.9,+13 53 26,2.99
19 07 10.6,- 4 51 18,3.43
19 07 55.6,+36 07 42,5.25
19 08 01.9,-27 38 36,3.32
19 10 39.6,-37 52 32,4.11
19 10 48.2,-20 59 40,2.88
19 11 13.8,-39 18 41,4.1
19 12 33.3,+67 41 32,3.07
19 13 37.6,- 7 54 32,5.35
19 14 21.2,+39 10 37,4.43
19 15 12.3,+73 23 15,4.45
19 16 58.6,+38 09 57,4.35
19 17 30.4,+53 24 05,3.8
19 18 38.3,+11 37 41,5.28
19 18 39.4,-18 55 13,4.88
19 22 41.2,-17 48 46,3.92
19 22 43.7,-15 55 15,4.52
19 23 53.5,-44 25 28,3.96
19 24 28.8,-44 45 55,4.27
19 25 05.7,-40 34 53,3.96
19 25 48.3,+11 58 59,5.17
19 26 22.8,+ 3 09 03,3.36
19 29 26.0,+24 42 05,4.44
19 30 08.8,+51 46 04,3.76
19 31 25.6,+27 59 50,3.05
19 31 34.7,- 2 45 04,5.03
19 32 19.4,+69 41 27,4.67
19 32 25.4,+34 29 28,4.74
19 34 56.6,+ 7 25 02,4.45
19 36 30.6,-48 03 35,4.88
19 36 54.7,+50 15 44,4.49
19 37 37.6,- 1 14 48,4.36
19 37 46.2,-24 50 37,4.59
19 37 49.9,- 6 59 14,4.93
19 40 52.7,+18 03 19,4.39
19 41 22.6,+45 34 02,5.06
19 41 43.4,-16 15 07,5.3
19 41 50.1,+17 31 03,4.39
19 42 16.9,+50 33 58,5.99
19 42 19.9,+50 33 31,6.25
19 43 31.1,-16 04 54,5.06
19 44 26.6,+25 48 53,5.5
19 44 54.5,+37 23 51,4.89
19 45 31.3,+45 10 27,2.86
19 47 05.5,+10 39 25,2.72
19 47 22.9,-19 43 04,4.87
19 48 06.3,+70 18 45,3.84
19 48 10.1,+18 34 43,3.68
19 49 26.4,-56 19 08,5.33
19 51 14.3,+32 57 33,7.91
19 51 38.2,+ 8 54 56,0.76
19 51 44.5,-10 43 04,5.38
19 52 30.7,+47 04 23,5.6
19 53 01.7,-39 49 43,5.32
19 53 08.6,+18 43 04,6.24
19 53 21.8,+ 1 03 06,3.87
19 54 13.7,- 3 04 05,5.63
19 56 10.4,+ 6 27 06,3.71
19 56 27.9,-41 49 15,4.12
19 56 57.8,+35 07 51,3.89
19 58 56.5,-15 26 38,5.01
19 59 32.1,+19 32 26,3.51
20 00 52.3,-35 13 39,4.37
20 01 49.3,+27 48 10,4.66
20 02 35.2,-72 51 43,3.97
20 03 43.9,-27 39 36,4.43
20 08 16.1,+77 45 48,4.38
20 08 43.1,-52 49 45,4.93
20 10 04.6,+36 53 31,4.93
20 10 25.6,-66 08 07,3.55
20 12 12.4,- 0 46 06,3.24
20 13 48.2,+56 37 18,4.28
20 14 11.0,+46 47 42,3.8
20 15 05.2,+15 15 07,4.94
20 16 00.8,+47 46 07,3.96
20 17 32.0,+24 43 33,5.3
20 18 25.9,+38 05 17,4.77
20 18 37.0,-12 27 11,4.3
20 19 01.4,-12 29 22,3.58
20 21 59.6,-14 43 30,3.05
20 22 51.4,+40 18 48,2.23
20 24 02.7,+ 5 24 00,5.3
20 24 33.6,+32 14 51,4.43
20 27 01.3,-56 40 39,1.94
20 29 52.3,+63 03 12,4.21
20 30 06.7,+30 25 40,4.01
20 30 33.8,- 2 49 35,4.91
20 31 15.4,+75 00 52,5.18
20 34 02.9,+11 21 49,4.03
20 38 22.2,+14 39 24,3.64
20 38 47.4,-47 13 45,3.11
20 39 14.4,- 1 02 35,4.31
20 39 18.3,+21 15 48,4.81
20 39 58.8,+10 08 56,5.07
20 40 27.1,+15 58 29,3.77
20 41 02.6,-18 04 33,5.15
20 41 45.1,+32 22 13,5.53
20 42 01.7,+45 20 37,1.25
20 44 16.6,+15 08 18,4.43
20 45 18.9,-51 51 26,4.51
20 45 38.6,+61 54 26,3.41
20 45 47.2,+57 38 35,4.52
20 46 23.1,+30 47 04,4.22
20 46 30.9,-66 08 19,3.42
20 46 55.2,+34 02 12,2.48
20 47 07.7,-25 12 25,4.13
20 47 28.2,+16 11 18,4.27
20 48 05.5,+36 33 21,4.53
20 48 37.3,- 9 25 51,3.78
20 48 39.6,- 4 57 46,4.43
20 49 32.1,+46 10 47,4.81
20 49 39.9,-43 55 25,5.11
20 52 51.8,-26 51 09,4.12
20 53 35.8,- 8 55 00,4.73
20 55 18.4,+28 07 30,5.03
20 56 09.9,-58 23 12,3.67
20 57 11.9,+44 59 34,5.96
20 57 49.6,+41 14 07,3.94
20 59 03.3,+22 23 40,5.3
21 00 25.3,+47 35 24,4.74
21 00 35.7,-18 57 59,6.26
21 02 21.6,-32 11 18,4.67
21 04 04.7,-38 33 43,5.32
21 05 34.1,+43 59 54,3.72
21 06 46.7,-76 57 18,5.13
21 06 55.7,-17 09 45,4.08
21 07 41.1,+38 50 11,5.2
21 07 42.4,+38 49 42,6.05
21 08 08.9,-24 56 06,4.49
21 10 32.7,-11 18 00,4.5
21 11 11.5,+10 12 10,4.7
21 13 40.9,+30 17 58,3.21
21 14 19.4,-27 32 49,5.41
21 14 57.2,-70 03 12,5.06
21 15 19.9,+10 04 43,4.47
21 15 29.5,+38 07 14,3.74
21 16 41.9,+ 5 19 16,3.92
21 18 06.3,+39 28 07,4.22
21 18 38.3,+34 58 16,4.41
21 18 59.7,-32 05 54,4.71
21 18 59.8,+62 39 36,2.45
21 21 06.2,-53 22 30,4.39
21 21 52.4,-40 44 04,4.8
21 22 53.8,+19 52 48,4.08
21 23 13.1,-16 45 33,4.28
21 23 15.7,-88 52 58,5.45
21 25 08.8,-12 48 08,5.48
21 26 30.0,+36 44 37,5.93
21 27 39.8,-22 20 05,3.77
21 27 52.1,-65 17 09,4.21
21 28 52.8,+70 38 16,3.23
21 29 43.1,-21 43 48,4.5
21 30 05.8,+46 37 06,5.22
21 30 44.5,+23 42 58,4.52
21 32 28.7,- 5 29 36,2.9
21 34 38.4,+45 40 11,3.98
21 37 39.2,+40 29 34,5.04
21 38 23.4,+62 09 41,4.76
21 38 34.6,+19 23 53,5.46
21 38 40.9,- 7 46 30,4.68
21 40 52.4,+43 21 14,5.09
21 41 03.5,-16 34 57,3.69
21 42 10.3,+71 23 32,4.55
21 43 21.7,-77 18 39,3.73
21 44 02.6,+58 51 39,4.23
21 45 02.7,+ 9 57 21,2.38
21 45 20.4,+17 25 51,4.34
21 45 26.4,+25 43 34,4.14
21 45 57.3,+61 12 07,4.25
21 45 59.1,-32 56 42,4.35
21 47 26.5,+49 23 28,4.23
21 48 00.3,-16 02 50,2.85
21 50 37.2,+30 15 23,5.07
21 52 14.3,-69 32 49,5.52
21 53 51.6,+26 00 29,5.09
21 54 14.9,-13 28 07,5.08
21 54 59.0,-37 16 54,3
21 55 28.6,+56 41 40,5.74
21 59 05.8,-54 54 31,4.4
22 04 17.9,+64 42 49,4.26
22 04 41.2,-56 42 47,4.69
22 05 32.5,+62 52 17,5.27
22 05 41.2,+62 21 55,5.07
22 06 40.9,- 0 14 03,2.95
22 07 09.8,-39 27 30,4.47
22 07 22.8,-13 47 03,4.29
22 07 49.6,+25 25 52,3.77
22 09 19.7,-46 52 32,1.73
22 09 24.0,-32 54 09,4.5
22 10 08.4,+72 25 39,4.79
22 10 46.0,+33 15 53,4.28
22 11 05.0,+ 6 17 04,3.52
22 11 27.8,+58 17 17,3.39
22 11 28.0,+86 11 42,5.27
22 12 06.4,+59 30 04,5.05
22 14 37.9,+39 48 08,4.5
22 15 18.0,-27 40 46,5.45
22 15 41.1,+57 07 53,4.18
22 16 44.1,+37 50 11,4.14
22 17 45.4,- 7 41 44,4.17
22 19 41.1,-60 10 18,2.87
22 21 53.7,-80 21 05,5.09
22 22 22.8,+12 17 38,4.82
22 22 33.2,-21 30 36,5.12
22 22 33.6,- 1 17 55,3.86
22 24 15.1,+52 19 02,4.42
22 26 10.2,+ 1 28 00,4.8
22 28 33.5,-64 52 36,4.51
22 29 40.4,-39 02 34,5.47
22 29 43.9,+ 0 04 12,3.65
22 29 49.5,+58 30 18,4.07
22 30 01.3,+78 54 51,5.45
22 30 15.8,+47 47 49,4.34
22 30 18.5,-43 24 20,3.97
22 30 47.7,-43 39 33,4.12
22 31 14.8,+43 12 49,4.52
22 31 34.3,-10 35 16,4.82
22 32 01.0,+50 22 22,3.76
22 32 29.8,-32 15 21,4.29
22 35 38.9,-20 37 05,5.21
22 36 12.0,+73 44 03,5.08
22 36 15.3,- 0 01 37,4.04
22 38 39.7,- 4 08 14,5.04
22 39 16.5,+63 40 33,5.19
22 40 03.0,+39 08 30,4.89
22 40 22.0,+37 41 04,6.03
22 41 17.1,+44 22 05,4.5
22 41 37.2,-26 57 07,4.18
22 42 20.1,+10 55 23,3.41
22 43 42.3,-46 47 33,2.07
22 43 49.5,+30 18 47,2.93
22 44 52.5,+41 54 41,5.11
22 47 22.6,+23 39 29,3.97
22 47 34.1,+12 15 47,4.2
22 47 45.0,-81 17 21,4.13
22 48 29.4,-19 31 18,5.24
22 49 36.2,-51 13 28,3.49
22 50 18.5,+66 17 34,3.5
22 50 31.0,-13 30 00,4.05
22 50 51.0,+24 41 40,3.51
22 52 01.6,-39 03 50,5.43
22 53 29.6,-32 46 56,4.46
22 53 31.6,- 7 29 10,3.73
22 54 12.6,+84 26 23,4.7
22 55 34.6,-15 43 39,3.27
22 56 54.8,-32 26 45,4.2
22 57 12.3,+49 49 38,4.99
22 58 36.8,-29 31 45,1.17
22 59 33.2,-35 25 47,6.15
23 00 49.7,+57 02 22,5.1
23 01 54.3,-52 39 36,4.11
23 02 43.8,+42 25 13,3.62
23 04 27.7,-34 39 16,5.12
23 04 37.5,+28 10 41,2.44
23 04 46.1,+ 3 54 52,4.48
23 05 38.0,+15 17 59,2.49
23 07 37.1,-23 38 54,4.48
23 07 51.5,-43 25 32,4.28
23 07 53.2,+ 9 30 15,4.54
23 08 27.5,+75 28 56,4.41
23 10 22.6,-21 04 38,3.68
23 11 20.6,-45 09 06,3.88
23 12 37.2,+ 8 48 55,5.15
23 15 13.7,- 5 57 16,4.22
23 16 48.4,- 8 59 32,4.24
23 18 04.4,+ 3 22 41,3.7
23 18 26.4,-58 08 22,3.99
23 18 48.7,- 9 05 12,4.41
23 19 45.9,-32 26 11,4.41
23 19 52.2,- 9 30 54,4.99
23 21 30.4,+23 50 11,4.58
23 23 53.2,-20 00 18,3.96
23 25 37.4,+62 22 45,4.96
23 26 15.3,+23 30 02,4.42
23 26 57.8,-20 32 45,4.38
23 27 49.8,+ 1 21 06,4.95
23 28 51.4,+ 6 28 31,4.27
23 30 02.5,+12 51 26,4.54
23 30 08.1,-87 23 08,5.5
23 30 26.3,- 4 26 14,6.26
23 33 54.3,-37 43 17,4.38
23 35 45.3,+71 44 20,5.86
23 36 00.7,-42 31 05,4.69
23 38 25.6,+46 33 11,3.81
23 38 47.2,-45 23 44,4.74
23 39 00.0,+43 21 54,4.29
23 40 04.9,+77 43 48,3.21
23 40 51.1,+ 5 43 16,4.13
23 41 16.5,+44 25 51,4.15
23 41 33.0,-31 58 35,5.3
23 42 56.4,+ 1 52 35,4.49
23 43 37.7,-14 26 53,4.49
23 45 06.4,-18 10 47,5.24
23 46 54.4,+46 31 03,4.97
23 48 45.7,+67 54 15,5.05
23 48 50.5,- 2 39 51,5.49
23 49 50.1,-28 02 00,4.59
23 53 22.8,+19 13 03,5.06
23 53 30.8,+11 02 41,5.3
23 55 16.0,+57 35 48,4.51
23 58 39.2,+25 14 19,4.63
23 59 34.1,- 3 27 32,4.88
23 59 49.8,-52 38 53,5.13